%YAML:1.0
---
F: !!opencv-matrix
   rows: 2
   cols: 3
   dt: f
   data: [ 7.54835829e-02, 1.40631236e-02, 2.94349670e+01,
       -1.40631236e-02, 7.54835829e-02, 2.33539352e+01 ]