# oST version 5.0 parameters


[image]

width
640

height
512

[narrow_stereo]

camera matrix
420.766869 0.000000 313.349534
0.000000 419.885461 249.008955
0.000000 0.000000 1.000000

distortion
-0.328408 0.073691 0.000796 0.001284 0.000000

rectification
1.000000 0.000000 0.000000
0.000000 1.000000 0.000000
0.000000 0.000000 1.000000

projection
309.299744 0.000000 309.851598 0.000000
0.000000 356.470306 246.227255 0.000000
0.000000 0.000000 1.000000 0.000000
