# oST version 5.0 parameters


[image]

width
1224

height
1024

[narrow_stereo]

camera matrix
674.404614 0.000000 594.385232
0.000000 675.289580 529.478017
0.000000 0.000000 1.000000

distortion
-0.257535 0.045380 -0.000075 0.000038 0.000000

rectification
1.000000 0.000000 0.000000
0.000000 1.000000 0.000000
0.000000 0.000000 1.000000

projection
470.149933 0.000000 576.991215 0.000000
0.000000 545.176575 539.383421 0.000000
0.000000 0.000000 1.000000 0.000000
