image_width: 1224
image_height: 1024
camera_name: narrow_stereo
camera_matrix:
  rows: 3
  cols: 3
  data: [674.40461,   0.     , 594.38523,
           0.     , 675.28958, 529.47802,
           0.     ,   0.     ,   1.     ]
distortion_model: plumb_bob
distortion_coefficients:
  rows: 1
  cols: 5
  data: [-0.257535, 0.045380, -0.000075, 0.000038, 0.000000]
rectification_matrix:
  rows: 3
  cols: 3
  data: [1., 0., 0.,
         0., 1., 0.,
         0., 0., 1.]
projection_matrix:
  rows: 3
  cols: 4
  data: [470.14993,   0.     , 576.99122,   0.     ,
           0.     , 545.17657, 539.38342,   0.     ,
           0.     ,   0.     ,   1.     ,   0.     ]
